line
0 0 0 100 0 0
line
100 0 0 100 100 0
line
100 100 0 0 100 0
line
0 100 0 0 0 0
line
0 0 100 100 0 100
line
100 0 100 100 100 100
line
100 100 100 0 100 100
line
0 100 100 0 0 100
line
0 0 0 0 0 100
line
0 100 0 0 100 100
line
100 100 0 100 100 100
line
100 0 0 100 0 100
line
100 0 0 200 0 0
line
100 0 100 200 0 100
line
200 0 0 200 0 100
line
200 0 0 200 100 0
line
200 0 100 200 100 100
line
100 100 0 200 100 0
line
100 100 100 200 100 100
line
200 100 0 200 100 100
display
ident
rotate
z 45
rotate
x 45
apply
display
ident
move
150 225 0
apply
display
save
pic.png
